9
5
0 1 1 2 0
1 2 6 2 1
0 0 4 1 0
1 2 6 1 1
0 1 1 1 0
5
6 1 1 2 0
1 2 10 2 1
0 0 4 1 0
1 2 6 9 1
0 1 9 9 6
5
6 0 0 0 9
1 9 9 0 0
0 0 6 9 0
0 9 9 9 0
0 0 0 0 0
6
6 0 0 0 0 0
9 9 9 9 9 0
9 9 9 9 9 0
6 9 9 9 9 0
0 9 9 9 9 0
0 0 0 0 0 0
7
6 1 1 2 0 9 0
1 2 9 2 1 5 0
0 0 4 1 0 4 0
1 2 2 1 1 1 0
0 1 1 1 0 8 0
0 1 1 1 0 8 0
0 1 1 1 0 6 0
3
6 1 1
9 9 2
6 1 2
3
6 1
9 9
9 6
3
6 6 9
4 4 4
2 2 2
20
3 4 6 7 2 1 6 2 1
3 4 6 7 2 1 4 2 1
3 4 6 7 2 1 4 2 1
3 4 6 7 2 1 4 2 1
3 4 6 7 2 9 4 2 1
3 4 6 7 2 1 4 2 1
3 4 6 7 2 1 4 2 1
3 4 6 7 0 1 4 2 1
3 4 6 7 2 1 4 2 1
3 4 6 7 2 9 4 2 1
3 4 6 7 2 1 4 2 1
3 4 6 7 2 1 4 2 1
3 4 6 7 2 1 4 2 1
3 4 6 7 2 1 4 2 1
3 4 0 7 2 9 0 2 1
3 4 6 7 2 9 4 2 1
3 4 6 7 2 1 4 2 1
3 4 6 7 2 1 4 2 1
3 4 6 7 2 1 4 2 1
3 4 6 7 2 6 4 2 1